PIG:0 Graph
2 1
3 2
4 3
5 4
6 5
7 6
8 7
9 8
10 9
11 10
12 11
12 9
12 10
13 12
13 9
14 13
15 14
16 15
17 16
18 17
19 18
19 16
19 17
20 19
21 20
21 1
22 21
22 1
23 22
23 1
23 3
23 4
23 20
23 21
24 23
24 4
25 24
26 25
26 4
27 26
27 25
28 27
28 5
29 28
29 5
30 29
30 5
30 28
31 30
31 6
31 7
31 28
32 31
33 32
33 7
34 33
35 34
35 7
36 35
37 36
37 7
38 37
38 7
39 38
39 7
39 8
40 39
40 8
40 38
41 38
41 37
42 41
42 8
42 37
43 37
43 8
43 35
44 43
44 9
44 35
45 44
46 45
47 46
48 47
48 9
48 13
49 48
49 13
50 49
50 13
51 50
52 51
53 52
53 13
54 53
54 13
55 54
55 13
56 55
57 56
57 13
58 57
58 13
59 58
59 13
60 13
61 60
61 13
61 14
61 59
62 61
63 62
63 14
64 63
64 14
64 15
65 63
65 15
66 65
66 15
66 16
67 66
67 16
68 67
69 16
70 69
70 16
71 70
71 16
72 71
72 16
73 72
73 16
73 19
74 73
74 19
75 74
75 19
75 67
75 68
76 75
76 20
77 76
78 77
79 78
79 20
80 79
81 80
81 20
82 81
83 82
84 83
85 20
86 85
86 84
87 86
87 20
88 87
88 20
89 88
90 89
90 20
91 90
91 20
92 20
92 23
92 89
92 90
93 92
94 93
95 94
95 23
96 95
96 23
97 96
98 97
98 25
99 98
99 24
99 25
100 98
100 25
100 33
101 100
101 34
102 101
102 34
103 102
103 34
104 103
104 35
105 103
105 35
106 105
106 44
107 106
107 44
108 107
108 45
109 108
109 46
110 109
110 46
111 110
111 46
111 47
111 109
112 111
112 109
113 112
114 113
115 114
116 115
116 47
117 116
117 115
118 117
118 47
119 47
120 119
120 47
120 118
121 120
121 47
121 49
122 121
122 88
122 92
123 122
123 49
123 51
123 84
124 123
124 49
124 50
125 124
125 50
126 125
126 50
127 126
127 50
128 127
128 50
128 124
128 125
128 126
129 128
129 125
129 126
130 129
130 125
130 126
131 123
131 51
132 131
132 51
133 132
133 51
134 133
134 51
135 134
135 51
136 135
136 52
137 136
137 53
138 137
138 53
139 138
139 56
139 137
140 139
140 57
141 140
143 142
143 57
144 143
144 58
145 144
147 146
147 59
147 61
148 147
148 62
148 67
148 75
148 146
149 148
149 67
150 149
150 62
150 63
150 65
151 149
151 66
151 67
152 148
152 75
152 146
153 152
153 75
154 153
155 154
155 75
156 155
156 75
156 76
157 156
158 157
159 158
159 76
159 77
160 159
160 77
161 160
162 161
162 77
163 162
163 156
163 160
163 161
164 163
166 165
166 77
167 166
168 167
169 168
169 77
170 169
171 170
173 172
174 173
174 78
175 174
175 78
175 79
176 174
177 176
177 79
178 177
178 79
179 178
180 179
180 79
181 180
181 79
182 181
182 79
183 182
184 183
185 184
185 80
186 185
186 80
186 143
187 186
187 82
188 187
188 82
189 188
190 189
190 82
191 190
192 191
192 82
192 83
193 192
193 131
194 193
194 131
195 194
195 83
196 195
197 196
198 197
198 83
199 198
199 197
200 199
200 123
200 131
201 131
202 201
202 131
202 194
202 197
203 202
203 197
203 200
204 203
205 204
205 200
205 201
206 205
206 204
207 206
207 201
208 207
209 208
210 209
210 201
211 210
211 201
212 211
212 201
212 204
212 208
212 209
212 210
213 212
214 213
214 201
214 202
214 203
215 214
215 201
215 202
216 214
216 204
217 216
217 204
218 217
219 218
219 204
219 212
219 213
219 216
220 212
220 204
220 207
221 220
221 207
221 208
222 207
222 204
222 206
223 222
223 206
223 207
224 197
224 199
225 197
225 194
225 195
225 196
226 193
226 131
226 132
226 192
227 226
227 131
227 132
228 226
229 228
229 132
230 229
230 132
230 226
230 228
231 230
232 231
232 132
233 232
233 132
233 231
234 233
235 234
236 235
237 236
237 132
238 237
238 133
239 238
239 133
239 135
239 235
239 236
239 237
240 239
240 135
240 136
241 240
242 241
242 136
243 242
243 136
244 243
245 244
245 136
245 140
245 141
246 245
246 137
246 140
247 141
248 247
249 248
249 141
249 142
250 249
251 250
251 187
252 251
252 187
253 252
253 187
253 188
254 253
255 188
256 188
257 256
257 249
257 250
258 257
258 250
258 251
258 252
259 258
260 259
260 253
260 255
261 260
261 252
262 261
262 252
263 260
263 257
263 259
264 257
264 255
264 256
265 248
266 265
266 188
266 189
267 266
267 189
267 190
267 191
268 267
268 191
268 266
269 265
269 192
270 269
270 192
270 265
271 270
271 243
271 265
272 271
272 192
273 272
273 192
274 273
275 274
275 192
275 226
276 275
277 276
277 226
278 277
278 226
279 278
279 226
280 279
280 226
280 230
281 280
281 279
282 281
282 279
283 282
283 230
284 283
284 231
285 284
285 230
285 231
286 284
287 286
287 231
288 287
288 242
288 243
289 288
289 231
289 233
290 289
290 234
291 290
291 233
291 234
292 290
292 234
293 292
293 234
293 235
293 290
294 289
294 239
295 294
295 242
296 295
296 239
297 296
297 239
297 241
298 295
298 242
299 298
299 242
299 295
300 299
301 300
301 242
302 301
302 242
302 289
303 302
303 289
303 294
304 303
304 294
305 304
305 294
306 305
306 294
307 306
307 294
307 295
308 306
308 299
309 308
309 299
309 306
310 309
310 300
310 302
310 303
311 310
311 304
312 311
312 305
313 311
313 305
314 313
315 314
315 313
316 315
317 316
318 317
318 305
318 306
318 310
319 318
319 306
320 319
321 320
322 321
322 306
322 309
322 310
323 321
323 310
323 318
323 320
324 317
324 315
325 324
325 313
325 315
326 324
326 315
326 316
327 288
327 271
327 272
328 288
328 272
329 328
329 273
329 274
329 276
329 288
330 329
330 276
331 330
331 276
331 277
331 288
331 329
332 288
332 277
332 286
333 332
333 277
333 282
334 286
334 283
334 284
335 282
335 278
335 279
336 271
336 247
336 265
337 247
337 243
337 245
338 337
338 243
338 244
339 186
339 185
340 339
340 143
341 340
341 339
342 341
343 342
344 343
344 144
344 152
345 344
345 146
346 345
346 144
346 146
347 346
347 144
347 145
347 146
348 344
348 152
349 348
349 153
349 154
350 349
350 154
351 350
351 154
351 155
352 350
352 166
353 352
353 156
353 165
354 353
354 163
354 165
355 354
356 355
356 163
356 164
357 354
357 164
357 165
358 353
358 352
359 358
359 166
360 359
360 352
361 352
361 166
362 361
363 362
364 363
364 167
365 364
365 167
365 361
365 362
365 363
366 365
366 167
366 168
366 169
366 173
366 352
366 361
367 366
367 169
368 367
368 169
368 366
369 368
369 170
370 369
370 170
371 370
372 371
372 170
373 170
373 370
374 373
374 368
375 374
375 170
375 171
375 172
376 375
376 172
376 374
377 374
377 172
377 368
378 377
378 172
379 378
379 172
379 173
379 368
380 379
380 366
381 380
381 173
382 381
382 173
383 382
383 173
383 366
384 380
384 366
385 384
385 366
385 368
385 379
386 385
386 368
387 379
387 378
388 387
388 368
388 377
389 374
389 368
389 370
390 373
390 371
391 390
391 372
391 373
392 366
392 173
392 174
392 176
392 177
392 178
393 392
393 176
393 177
394 392
395 394
395 179
395 181
395 392
396 395
397 396
397 181
397 182
397 344
398 397
398 182
398 183
399 398
399 183
400 399
401 400
401 184
401 185
402 401
402 185
403 402
404 403
404 185
405 404
405 185
406 405
406 185
407 406
407 185
408 407
408 341
408 402
409 408
410 409
410 341
411 410
411 341
411 342
412 411
413 412
413 342
413 343
414 413
414 343
414 412
415 414
415 343
416 415
416 343
416 397
417 416
417 397
418 417
419 418
419 343
419 344
420 418
420 344
421 420
421 344
421 397
421 417
421 418
422 416
423 422
423 397
423 398
424 423
424 398
424 400
425 424
425 400
425 401
425 402
426 425
426 402
426 424
427 426
427 402
428 427
428 402
429 428
429 427
430 429
430 402
430 408
431 430
431 408
432 431
432 408
433 408
433 409
434 433
434 409
435 434
435 409
436 435
437 436
438 437
438 424
439 438
440 439
440 409
440 422
441 440
441 409
442 441
442 409
442 410
442 411
443 442
443 411
444 443
444 411
444 442
445 444
445 412
445 422
446 445
446 440
446 441
446 442
447 446
447 442
447 444
448 440
448 422
448 424
448 438
448 439
449 438
449 424
450 449
450 438
451 450
451 426
452 451
452 426
453 452
453 426
454 453
454 452
455 454
455 426
455 427
456 455
456 427
456 429
457 455
457 429
457 430
457 454
458 457
459 430
459 431
460 459
460 458
461 460
461 432
461 433
462 461
462 433
463 462
463 433
464 463
464 433
465 464
465 434
465 463
466 465
466 434
467 466
468 467
468 463
468 465
468 466
469 468
470 469
470 435
471 470
471 435
473 472
474 473
474 435
475 474
475 435
476 475
476 473
477 476
477 435
478 477
478 435
479 478
479 435
480 479
480 435
481 480
481 479
482 481
482 435
483 482
483 435
483 481
484 483
484 435
485 484
485 435
485 436
486 485
486 436
487 486
487 436
488 487
488 486
489 488
489 436
490 436
491 490
491 488
492 491
492 436
493 492
493 491
494 493
495 494
495 436
496 495
496 436
497 496
497 436
497 437
498 497
498 437
498 496
499 498
499 438
499 450
500 450
501 500
501 450
501 498
502 501
502 451
503 502
504 503
504 451
505 504
505 503
506 505
507 506
507 451
508 507
509 508
509 451
510 509
511 510
512 511
512 451
513 512
513 451
513 452
513 454
514 513
514 454
514 512
515 514
515 454
515 511
515 512
516 515
516 454
517 516
517 454
517 457
518 517
519 518
520 519
521 520
522 521
522 457
523 522
524 523
524 457
525 524
525 457
525 460
525 461
526 525
526 462
527 526
527 462
527 478
528 527
528 478
529 528
529 462
530 529
530 462
530 463
530 478
531 530
531 462
531 463
532 530
532 478
533 532
533 463
533 468
534 533
534 468
535 534
535 468
536 535
536 468
537 536
537 468
538 537
538 468
539 538
539 468
540 539
540 468
541 540
541 536
541 537
541 538
542 541
543 542
543 469
544 543
544 469
545 544
546 545
546 469
547 546
547 469
547 533
547 534
547 536
548 547
549 548
549 469
549 471
550 549
550 471
550 548
551 548
551 471
551 472
552 551
552 472
552 473
553 552
553 551
554 553
554 473
555 554
555 473
556 473
556 477
558 557
558 477
559 558
559 557
560 559
560 477
561 560
561 477
561 547
562 561
562 477
563 562
563 477
563 478
564 563
565 564
565 478
565 532
565 533
565 561
566 565
567 566
567 533
568 567
568 533
569 568
569 533
569 547
569 567
570 569
570 567
571 570
571 547
571 561
571 566
571 567
572 571
572 561
572 566
573 565
573 561
573 564
574 560
574 547
575 574
575 547
575 548
575 559
576 575
576 559
577 576
577 551
577 559
578 577
578 553
578 554
579 578
579 551
579 553
580 578
580 554
580 556
581 580
581 554
581 555
581 556
582 580
582 557
583 582
583 557
583 559
584 583
584 559
585 584
585 559
586 585
586 559
586 584
587 586
587 577
588 587
588 577
588 578
588 586
589 588
589 586
590 589
590 580
590 586
591 590
591 580
591 582
592 590
592 582
592 583
593 592
593 584
593 590
594 593
594 590
595 594
596 595
596 584
597 596
597 594
597 595
598 597
598 586
598 594
599 597
599 594
599 595
600 597
600 595
600 596
601 590
601 586
601 589
602 575
602 559
603 602
603 560
603 574
604 603
604 560
605 547
605 545
606 536
607 606
608 607
608 536
609 608
609 541
609 542
610 609
610 542
610 543
610 545
610 605
610 606
611 610
611 545
611 605
612 610
612 606
612 607
612 608
612 609
613 530
613 478
614 613
614 478
615 614
615 478
615 528
615 613
616 615
616 613
616 614
617 613
617 528
617 529
618 527
619 618
619 478
620 619
620 479
621 620
621 479
621 484
622 620
622 484
623 622
624 623
625 624
626 625
627 626
627 484
628 627
628 484
629 628
629 485
629 491
630 629
630 491
631 630
632 631
632 491
633 632
633 491
634 633
634 491
634 632
635 634
636 635
636 491
637 636
637 496
637 498
638 637
638 493
638 494
639 638
639 494
639 496
639 637
640 637
641 640
642 641
642 498
642 525
643 642
643 498
644 643
644 501
645 644
646 645
646 501
647 646
647 501
647 502
648 647
648 505
650 649
650 505
651 650
651 505
651 649
652 651
652 646
653 652
653 646
654 646
654 645
655 654
655 505
655 520
655 521
655 643
656 655
656 506
657 656
657 506
658 657
658 506
659 658
659 506
660 659
660 506
661 660
661 506
661 659
662 661
662 508
663 662
663 515
664 663
664 516
664 517
664 662
665 664
665 515
665 516
666 517
667 666
667 518
668 667
668 664
668 666
669 668
669 662
669 664
670 669
670 518
670 662
671 670
671 518
672 671
673 672
674 673
674 519
674 655
675 674
675 673
676 675
676 655
677 655
678 677
678 655
678 675
678 676
679 678
680 679
680 657
681 680
681 679
682 681
682 657
683 682
684 683
684 657
685 684
685 683
686 685
686 657
686 658
686 672
686 683
687 686
687 658
687 659
688 687
688 662
688 671
688 672
688 686
689 688
689 662
689 671
690 688
690 672
690 686
691 686
691 672
692 691
693 692
693 672
694 693
694 672
695 694
695 673
695 681
695 693
696 695
696 678
696 679
696 681
697 696
697 679
698 696
698 679
698 681
699 692
699 681
700 699
701 700
701 681
702 701
702 681
702 683
702 692
702 699
702 700
703 702
703 681
703 682
704 703
704 702
705 704
705 683
705 702
706 704
706 702
706 703
707 702
707 683
707 686
708 707
708 686
708 692
708 702
709 702
709 700
709 701
710 670
710 662
711 710
711 669
712 669
712 670
712 710
713 655
713 521
713 523
713 525
713 643
714 713
714 525
715 714
715 525
715 642
716 655
716 643
716 654
717 716
717 643
717 644
718 642
718 640
718 641
719 640
719 525
719 527
720 719
720 527
721 720
721 527
721 719
722 527
723 722
723 527
723 620
723 640
723 721
724 723
724 527
724 618
724 619
725 618
725 619
726 725
726 619
727 726
727 619
728 724
728 619
728 620
729 728
729 723
729 724
730 723
730 620
730 636
730 637
731 730
731 620
731 622
732 731
732 622
733 732
733 623
734 733
734 623
734 625
735 734
735 625
736 735
736 625
736 734
737 736
737 625
738 737
738 625
738 734
739 738
740 739
740 625
741 740
741 626
742 741
742 739
742 740
743 742
743 626
744 743
744 626
744 628
745 744
745 734
746 745
746 628
746 629
746 734
747 746
748 747
748 629
748 631
749 748
749 631
749 747
750 749
750 631
751 750
751 631
751 632
752 751
752 632
752 750
753 752
753 632
753 634
754 753
755 754
755 634
756 755
756 634
756 635
757 756
757 635
757 730
757 731
758 757
759 758
759 752
759 753
760 759
760 731
761 760
761 731
761 732
762 760
762 732
763 762
763 732
763 760
764 763
764 733
765 764
766 765
766 734
766 746
767 766
767 733
767 734
768 766
768 746
768 765
769 768
769 746
770 747
771 770
771 746
771 747
772 770
772 747
772 749
773 772
774 773
774 749
774 750
775 774
775 750
776 775
776 750
776 774
777 776
777 774
778 750
779 778
779 750
779 752
780 779
780 752
780 777
781 780
781 759
781 760
782 781
783 782
783 760
784 783
784 760
785 784
786 785
786 760
786 768
787 786
788 787
789 788
789 768
790 789
790 768
791 790
791 768
791 785
791 786
791 787
792 791
792 784
793 792
793 769
793 783
794 793
795 794
795 769
796 795
796 769
797 796
797 769
798 797
798 770
799 798
799 769
800 799
800 769
801 800
802 801
802 769
802 770
803 802
803 800
804 803
804 770
804 799
804 800
805 803
805 800
805 801
805 802
806 805
806 802
807 806
807 801
807 802
808 798
809 808
809 770
810 809
810 770
811 810
811 770
812 811
812 770
812 773
813 812
813 772
813 773
814 813
814 770
814 772
815 812
816 815
816 773
817 816
817 774
818 817
818 773
818 774
819 817
819 774
820 819
820 774
821 820
821 812
822 821
822 812
822 815
823 822
823 815
823 816
823 819
824 812
824 774
825 824
825 774
826 825
826 782
827 826
827 781
827 782
828 827
829 828
829 774
830 829
830 774
830 777
830 828
831 830
831 777
832 831
832 777
833 832
833 777
833 830
833 831
834 833
834 777
834 781
835 834
835 781
836 835
836 781
836 828
836 830
837 828
837 830
838 835
838 830
838 833
838 834
839 838
839 834
839 835
840 828
840 781
840 827
841 826
842 841
842 783
842 794
843 842
843 794
843 841
844 843
844 794
844 795
844 796
845 844
845 796
846 845
846 808
846 810
846 844
847 846
847 844
848 847
848 811
848 844
849 848
850 849
850 811
851 850
851 811
851 812
852 851
852 850
853 852
853 849
853 850
854 853
854 812
854 824
855 853
855 824
856 855
856 849
856 853
857 856
857 853
858 857
858 855
858 856
859 849
860 859
860 824
860 825
860 826
861 860
861 826
861 841
861 843
862 861
862 843
862 860
863 847
864 863
864 844
864 846
865 792
865 791
866 791
867 866
867 784
867 785
867 791
868 791
868 788
869 868
869 788
869 789
870 869
870 789
872 871
872 789
873 872
873 790
873 791
874 873
874 791
874 868
874 869
874 870
874 871
875 874
875 871
875 872
876 875
876 872
877 876
877 872
877 873
877 874
877 875
878 781
878 780
879 878
879 777
879 780
880 759
880 752
880 753
881 759
881 753
882 881
882 755
882 756
883 882
883 758
883 759
884 883
884 759
884 882
885 734
886 885
886 738
886 739
887 886
887 739
888 887
888 885
888 886
889 888
889 739
890 889
890 739
891 890
891 739
891 742
891 888
891 889
892 891
892 742
893 892
893 742
894 893
894 742
895 894
895 742
895 893
896 895
896 742
896 893
897 896
897 742
897 885
897 892
898 897
898 885
898 888
899 888
899 885
899 886
900 723
900 640
901 900
902 901
903 902
903 640
904 903
904 721
905 904
905 721
906 905
906 903
907 906
907 721
907 723
907 903
908 907
908 723
908 900
908 901
909 901
909 902
910 523
911 910
911 521
911 522
912 910
912 522
912 523
913 508
913 509
913 510
914 491
914 485
914 488
915 491
915 489
916 460
916 458
917 422
917 412
917 415
917 416
918 408
918 402
918 407
919 918
919 402
920 919
920 402
920 407
921 920
921 402
921 403
921 407
922 406
922 405
923 922
923 404
923 405
924 397
924 344
924 396
925 396
925 392
925 395
926 925
927 926
927 344
927 348
927 349
928 927
928 349
929 928
929 349
929 350
930 929
930 928
931 930
931 350
931 927
932 392
932 926
933 926
933 392
933 925
934 156
934 157
934 160
935 934
935 157
935 158
936 934
936 158
936 159
936 160
937 123
937 84
937 122
938 937
938 84
938 86
938 122
939 122
939 92
940 122
940 93
941 940
941 94
942 94
943 942
944 943
944 94
945 944
946 94
946 95
946 96
947 946
947 96
947 97
948 947
948 943
949 97
949 942
950 949
950 97
951 950
951 97
951 98
951 949
952 951
952 100
953 952
953 100
953 951
954 953
954 941
955 954
955 100
955 113
956 955
956 100
956 112
956 113
957 956
958 957
958 100
958 102
959 958
959 957
960 959
960 102
961 960
961 103
961 105
961 106
961 959
962 961
962 106
963 962
963 106
964 963
964 106
964 962
965 964
965 107
966 965
966 107
967 966
967 107
967 965
968 967
968 964
968 965
969 968
969 107
970 969
971 970
971 107
971 108
972 971
972 108
973 972
973 109
974 973
975 974
975 109
975 112
976 974
976 112
977 976
977 112
977 974
978 977
978 112
979 978
980 979
980 112
980 978
981 112
981 978
982 981
982 112
982 957
982 959
982 978
983 982
983 959
984 983
984 982
985 984
985 964
986 985
986 964
987 986
987 964
988 987
988 968
988 969
989 988
989 964
989 968
990 987
990 970
992 991
992 970
992 971
992 974
992 977
992 978
992 982
993 992
993 982
993 984
994 993
994 987
994 990
995 994
995 984
995 985
995 986
995 987
996 993
996 990
997 996
997 990
997 992
998 997
999 998
999 992
1000 999
1001 1000
1002 1001
1002 992
1003 1002
1003 1001
1004 1003
1004 992
1004 999
1005 1004
1006 1005
1006 992
1006 993
1006 998
1007 1006
1007 993
1008 1007
1009 1008
1009 993
1010 1009
1010 996
1010 1008
1011 1006
1011 1004
1011 1005
1012 1011
1012 998
1012 999
1013 974
1013 972
1013 973
1014 955
1015 1014
1015 113
1015 114
1016 114
1017 1016
1017 114
1018 1017
1018 115
1018 120
1018 121
1018 1016
1019 1018
1019 115
1020 1019
1020 115
1020 1018
1021 1020
1021 115
1021 1018
1022 1021
1022 1018
1023 1022
1023 115
1024 1023
1024 1022
1025 1024
1025 115
1025 1022
1026 1025
1026 115
1026 117
1026 118
1027 1026
1027 118
1028 1027
1028 1022
1028 1025
1028 1026
1029 1022
1029 118
1029 120
1030 1020
1030 1018
1031 1030
1031 1018
1031 1019
1031 1020
1032 1018
1032 1014
1032 1015
1032 1016
1033 1032
1033 121
1033 955
1034 1033
1034 940
1035 1034
1036 1035
1036 940
1036 941
1036 955
1037 1035
1038 1037
1038 955
1039 1038
1039 955
1039 1034
1040 1039
1040 1034
1040 1035
1041 1040
1041 1035
1042 1041
1042 1035
1042 1037
1042 1038
1042 1039
1043 1042
1043 1038
1043 1039
1044 1033
1044 955
1044 1014
1044 1032
1045 954
1045 942
1045 953
1046 1045
1046 942
1047 1046
1047 949
1047 951
1047 1045
1048 1047
1048 949
1048 951
1049 1047
1049 951
1049 953
1050 1049
1050 953
1050 1045
1051 1050
1051 1045
1052 1051
1052 1045
1052 1049
1052 1050
1053 949
1053 942
1054 1053
1054 942
1055 1053
1056 1055
1056 942
1056 943
1056 1053
1057 1056
1057 1053
1057 1055
1058 1053
1059 1058
1059 948
1059 949
1060 948
1060 947
1061 1060
1061 947
1062 1061
1062 944
1063 1062
1063 943
1063 944
1064 947
1065 1064
1065 947
1066 944
1067 1066
1068 1067
1068 945
1069 1068
1070 1069
1070 945
1071 1070
1071 945
1072 1071
1073 1072
1074 1073
1074 945
1075 1074
1075 945
1076 1075
1076 1072
1077 1076
1077 1072
1078 1077
1078 945
1078 946
1078 1072
1079 1078
1079 946
1080 1079
1080 946
1080 1065
1081 1080
1081 946
1081 947
1082 1080
1082 1065
1083 1082
1083 1067
1083 1069
1083 1071
1083 1080
1084 1083
1084 1078
1084 1079
1084 1080
1085 1076
1086 1085
1086 1073
1087 1086
1087 1074
1087 1075
1087 1076
1087 1085
1088 1064
1088 1061
1089 1088
1089 947
1089 1061
1090 1061
1090 1060
1091 1090
1092 1091
1092 1060
1093 1092
1093 1060
1093 1061
1094 1093
1094 1061
1094 1090
1094 1091
1094 1092
1095 111
1095 109
1095 110
1096 75
1096 73
1097 1096
1097 68
1097 72
1098 1096
1098 73
1098 74
1099 1098
1099 75
1099 1096
1100 72
1100 69
1100 71
1101 56
1101 54
1101 55
1102 1101
1102 53
1102 54
1103 33
1103 27
1104 1103
1105 1104
1105 28
1106 1105
1106 31
1106 1104
1107 1106
1107 31
1107 33
1107 1103
1107 1104
1108 1104
1108 1105
1109 19
1109 17
1109 18
1110 26
1110 5
1111 38
1111 7
1112 32
1112 7
1113 37
1113 8
1114 41
1114 8
1115 48
1115 9
1116 47
1116 9
1117 55
1117 13
1118 54
1118 13
1119 22
1119 21
1120 31
1120 28
1121 34
1122 104
1122 1121
1122 34
1123 43
1123 36
1124 39
1124 38
1125 106
1125 44
1126 46
1126 45
1127 1126
1127 45
1128 1127
1128 45
1128 46
1128 1126
1129 1128
1129 46
1129 1126
1130 124
1130 50
1131 128
1131 51
1132 135
1132 52
1133 1132
1133 52
1133 135
1134 54
1134 53
1135 138
1135 53
1136 139
1137 1136
1137 139
1138 139
1138 1137
1138 1136
1138 56
1139 60
1139 59
1140 144
1141 1140
1141 59
1142 75
1142 67
1143 69
1143 68
1144 71
1145 1144
1145 69
1146 78
1146 77
1147 1146
1148 1147
1148 77
1149 1148
1149 77
1150 1149
1150 77
1150 78
1151 1150
1151 78
1151 1146
1152 1151
1152 1146
1152 1150
1153 1152
1153 1147
1153 1150
1154 1150
1154 1147
1154 1148
1155 166
1155 77
1156 161
1156 77
1157 185
1157 79
1158 184
1158 79
1159 194
1159 83
1160 85
1160 84
1161 939
1161 88
1162 92
1162 91
1163 959
1163 102
1164 105
1164 103
1165 1164
1165 103
1165 105
1166 979
1166 112
1167 119
1167 118
1168 119
1169 1168
1169 118
1170 239
1170 134
1171 142
1171 141
1172 250
1172 143
1173 146
1173 145
1174 152
1174 146
1175 349
1176 349
1176 1175
1176 153
1177 163
1178 1177
1178 163
1179 355
1179 1177
1179 1178
1180 934
1180 163
1181 165
1181 164
1182 172
1182 171
1183 394
1183 179
1184 181
1184 180
1185 407
1185 185
1186 1185
1186 185
1187 1186
1187 185
1187 407
1188 189
1188 188
1189 269
1190 1189
1190 191
1191 193
1191 192
1192 275
1193 275
1193 1192
1193 192
1194 224
1194 199
1195 201
1195 200
1196 224
1197 1196
1197 200
1198 206
1199 207
1199 1198
1199 206
1200 219
1200 214
1201 1200
1201 214
1202 1201
1202 1200
1203 1202
1203 219
1203 1200
1204 217
1205 1204
1205 216
1206 218
1206 216
1207 280
1207 226
1208 233
1208 232
1209 243
1209 242
1210 247
1210 245
1211 262
1211 253
1212 255
1213 1212
1213 255
1214 1213
1214 1212
1214 254
1215 260
1215 254
1216 256
1216 255
1217 263
1217 255
1218 1217
1218 255
1218 263
1219 266
1219 265
1220 287
1221 287
1221 1220
1221 286
1222 286
1223 332
1223 1222
1223 286
1224 328
1224 288
1225 1224
1225 288
1225 328
1226 329
1227 1226
1227 288
1228 1227
1228 288
1228 1226
1229 1228
1229 329
1229 1226
1230 312
1230 304
1231 314
1231 305
1232 360
1232 358
1233 367
1233 366
1234 386
1235 386
1235 1234
1235 366
1236 377
1236 368
1237 1236
1237 368
1237 377
1238 371
1238 370
1239 373
1239 372
1240 1239
1240 372
1240 373
1241 378
1241 377
1242 1241
1242 377
1242 378
1243 925
1243 392
1244 919
1244 402
1245 430
1245 402
1246 413
1247 413
1247 1246
1247 412
1248 917
1248 415
1249 421
1249 420
1250 450
1250 426
1251 458
1251 430
1252 433
1252 432
1253 461
1253 433
1254 467
1254 435
1255 497
1255 436
1256 442
1256 441
1257 447
1257 444
1258 501
1258 450
1259 506
1260 506
1260 1259
1260 451
1261 504
1261 451
1262 514
1262 454
1263 459
1263 458
1264 916
1264 459
1265 1264
1265 459
1265 916
1266 465
1267 1266
1267 465
1268 468
1268 1267
1268 465
1269 472
1269 471
1270 554
1270 473
1271 553
1271 473
1272 624
1272 484
1273 915
1273 488
1274 490
1274 489
1275 500
1276 500
1276 1275
1276 498
1277 641
1277 498
1278 506
1278 505
1279 653
1279 505
1280 663
1280 508
1281 664
1281 515
1282 913
1282 515
1283 669
1283 518
1284 524
1284 523
1285 530
1286 531
1286 1285
1286 530
1287 560
1287 547
1288 556
1289 1288
1289 555
1290 557
1290 556
1291 603
1291 559
1292 573
1293 1292
1293 562
1294 565
1294 564
1295 604
1295 574
1296 601
1296 586
1297 594
1297 590
1298 599
1298 594
1299 606
1299 605
1300 727
1300 618
1301 620
1302 728
1302 1301
1302 620
1303 740
1303 626
1304 754
1304 634
1305 901
1305 640
1306 649
1306 648
1307 650
1307 649
1308 680
1308 655
1309 679
1309 655
1310 688
1310 659
1311 688
1311 661
1312 663
1313 1312
1313 662
1314 666
1314 664
1315 677
1315 676
1316 697
1316 678
1317 709
1317 701
1318 703
1318 702
1319 712
1319 711
1320 722
1320 721
1321 723
1322 908
1322 1321
1322 723
1323 725
1324 1323
1324 724
1325 761
1325 732
1326 742
1326 741
1327 897
1327 742
1328 894
1328 742
1329 745
1329 744
1330 885
1330 745
1331 770
1331 746
1332 770
1332 747
1333 771
1333 747
1334 780
1334 752
1335 765
1335 760
1336 768
1336 760
1337 770
1337 769
1338 771
1338 770
1339 803
1339 770
1340 816
1340 773
1341 778
1341 777
1342 777
1343 879
1343 1342
1343 777
1344 878
1344 777
1345 832
1345 777
1346 780
1346 779
1347 842
1347 793
1348 844
1348 794
1349 804
1349 798
1350 853
1350 812
1351 814
1351 813
1352 822
1352 819
1353 1352
1353 819
1353 822
1354 822
1354 821
1355 1354
1355 821
1355 822
1356 1355
1356 821
1356 822
1357 840
1358 1357
1358 827
1359 838
1359 835
1360 837
1360 836
1361 859
1361 843
1362 863
1362 846
1363 866
1363 865
1364 871
1364 870
1365 882
1365 881
1366 897
1367 897
1367 1366
1367 892
1368 895
1368 893
1369 909
1369 903
1370 909
1370 907
1371 909
1371 907
1372 932
1372 927
1373 932
1373 931
1374 1373
1374 931
1375 1374
1375 932
1375 1373
1376 942
1376 941
1377 955
1377 941
1378 946
1378 945
1379 1081
1379 946
1380 1090
1380 947
1381 949
1381 948
1382 1058
1383 1382
1383 949
1384 1050
1384 953
1385 955
1386 956
1386 1385
1386 955
1387 984
1387 959
1388 969
1388 968
1389 991
1390 991
1390 1389
1390 970
1391 976
1391 974
1393 1392
1394 978
1394 1393
1395 978
1395 1394
1395 1393
1395 1392
1395 977
1396 981
1396 980
1397 985
1397 984
1398 993
1398 984
1399 1398
1399 984
1400 1399
1400 984
1400 993
1401 991
1401 990
1402 1008
1402 996
1403 1003
1403 1000
1404 1403
1404 1000
1405 1404
1405 1000
1405 1003
1406 1006
1406 1005
1407 1016
1407 1015
1408 1032
1408 1015
1409 1031
1409 1018
1410 1020
1410 1019
1411 1020
1412 1020
1412 1411
1412 1019
1413 1052
1413 1050
1414 1055
1414 1054
1415 1064
1415 1061
1416 1066
1416 1065
1417 1068
1417 1067
1418 1071
1418 1069
1419 1087
1419 1086
1420 1094
1420 1090
1421 1108
1421 1105
1422 1108
1422 1106
1423 6
1423 4
1423 2
1423 1
1424 1423
1424 1
1424 20
1424 19
1424 18
1424 16
1424 15
1424 14
1424 11
1424 9
1424 8
1424 6
1425 17
1427 18
1428 1427
1428 18
1429 1426
1429 18
1429 1428
1429 1427
1430 33
1431 63
1432 118
1433 121
1434 128
1435 172
1436 176
1437 239
1438 253
1439 268
1440 289
1441 296
1442 307
1443 349
1444 380
1445 381
1446 385
1447 399
1448 466
1449 510
1450 570
1451 571
1452 594
1453 627
1454 631
1455 645
1456 688
1457 713
1458 714
1459 723
1460 776
1461 792
1462 793
1463 808
1464 810
1465 830
1466 840
1467 852
1468 862
1469 873
1470 883
1471 891
1472 907
1473 913
1474 924
1475 941
1476 957
1478 1477
1478 961
1479 967
1480 988
1481 1014
1482 1112
1483 1125
1484 1135
1485 1137
1486 1181
1487 1213
1488 1244
1489 1265
1490 1331
1491 1396
1492 1413
1493 1446
1494 1485
0 0
